5
5
8
7
8
7
3
11
11
5
6,5
5,10
4,6
5,1
4,10
5,2
5,4
1,11
10,4
9,6
6,7,10
9,11,11
2,4,10
8,1,7
6,9,1
1,5,10
5,2,4
8,9,10
7,8,9
10,8,10
1,8,10,4
6,9,5,10
11,5,6,4
3,7,3,7
9,7,9,7
4,5,2,3
5,1,8,1
7,2,10,10
11,1,3,2
4,2,4,11
5,2,7,4,9
5,8,3,7,1
11,4,5,3,6
10,9,9,7,8
11,6,1,2,3
1,7,6,3,4
10,11,7,4,7
11,10,7,5,6
5,6,10,9,8
9,3,2,11,3
3,10,9,5,10,9
1,8,3,4,2,6
10,8,6,1,2,9
11,5,5,11,4,5
8,11,11,8,9,3
9,4,2,6,3,2
11,1,9,5,10,2
3,1,11,6,8,10
2,3,5,6,8,10
3,2,5,1,2,4
5,3,11,9,11,1,2
10,3,5,3,4,10,9
5,7,5,11,10,5,7
7,1,2,11,1,2,4
9,11,4,4,3,2,9
5,11,8,9,5,7,1
8,4,7,11,2,8,3
5,6,2,11,4,4,11
9,5,7,5,5,5,9
6,9,3,8,3,6,11
9,8,3,3,7,4,3,9
9,1,7,4,3,5,8,4
7,2,2,11,5,6,3,5
7,1,10,9,10,5,7,4
7,3,4,11,2,3,8,6
3,1,1,10,4,9,8,1
6,10,1,11,10,7,11,1
9,1,9,1,10,11,9,8
2,7,3,9,4,9,2,9
7,4,7,7,2,5,4,7
1,3,2,9,11,2,4,6,4
3,4,5,2,2,7,2,3,10
6,10,5,10,10,7,8,5,9
9,9,2,11,11,1,6,10,10
11,1,1,10,9,11,4,9,10
7,8,9,1,1,4,8,10,11
7,8,1,4,6,4,10,1,11
10,3,2,4,10,2,8,5,6
11,10,3,10,7,8,4,7,7
9,5,1,9,2,4,1,1,8
5,2,2,2,4,5,7,2,11,4
3,3,4,3,4,9,4,6,3,5
2,8,9,7,1,6,6,7,7,6
8,7,2,6,8,9,5,9,10,3
3,1,1,4,9,9,11,1,3,8
11,6,3,6,1,4,8,10,7,8
5,2,6,11,4,2,8,5,5,6
6,8,2,9,7,5,5,7,2,6
2,4,1,3,8,10,4,8,8,4
9,2,5,7,7,8,3,5,8,6
