8
29
39
12
12
12
40
17
83
10
54
90
82
11
105
17
4
48
28
4
15
11
13
87
12
48
50
48
61
12
27
1511439034139
73
21
51
2
81
37
16
13
63
43
8
12
47
20
40
23
56
12
20
52
19
112
39
16
40
52
17
12
16
12
6
49
97
20
10
47
177
3
15
8
125
12
25
143
67
0
12
16
16
1511439037053
27
63
16
20
15
76
72
11
4
20
24
14
102
44
28
1511439038000
24
86
16
51
65
13
12
68
14
22
40
58
21
5
16
3
9
23
45
19
19
13
39
55
12
11
0
32
17
51
17
165
57
36
36
20
64
10
38
1511439040665
25
67
8
25
17
14
3
4
20
116
25
59
52
8
11
20
20
21
63
1
0
116
12
4
103
93
16
41
47
16
20
24
20
3
12
40
7
5
39
38
69
41
10
19
55
