22
10
0
0
0
0
0
0
0
0
0
0
0
0
0
0
0
0
0
1
0
0
0
0
1
1
1
0
0
0
0
0
0
0
0
0
0
0
0
0
0
1
0
0
0
0
0
0
25
12
0
0
11
12
0
1
0
0
0
0
0
1
0
0
1
0
0
0
0
1
0
0
0
0
0
0
3
1
0
1
2
0
0
0
0
0
0
0
0
0
0
1
0
0
1
0
0
0
1
0
0
0
0
0
0
0
0
0
0
1
0
1
0
1
0
0
0
23
0
0
0
1
0
0
0
0
1
0
0
0
1
4
0
0
0
0
0
0
0
0
0
0
0
0
0
16
1
0
0
1
0
16
24
0
0
0
0
2
1
0
0
0
2
0
0
1
1
0
0
0
0
0
0
0
0
0
0
0
0
0
0
0
1
0
0
0
1
0
0
0
0
0
1
0
0
0
12
0
0
1
1
0
0
0
0
0
0
1
0
0
0
0
0
0
0
0
0
0
0
0
0
0
1
0
0
0
0
0
0
6
1
0
0
0
1
0
0
0
0
0
0
0
0
0
2
0
1
0
0
0
0
0
8
0
1
2
0
2
0
0
0
0
0
0
0
0
0
0
0
0
0
0
1
0
0
0
0
0
0
7
4
0
0
0
1
0
0
0
0
0
4
20
0
0
0
1
0
0
0
0
0
0
0
0
0
0
0
1
0
0
0
0
0
0
0
1
9
0
0
0
0
12
0
0
0
22
21
0
0
0
1
0
0
0
0
0
0
0
0
1
0
0
0
0
0
1
0
0
0
0
0
1
0
1
1
0
1
0
0
0
0
0
0
0
0
