TIME IN MS TO RESTORE BACKEND
1510851873248
215
28
11
28
12
184
27
20
11
14
21
14
114
12
4
1510851874921
209
20
16
14
4
383
49
4
72
4
11
10
13
52
20
23
35
12
12
15
0
16
6
8
1510851876836
20
12
101
8
81
8
16
65
11
16
60
15
12
113
20
16
16
24
15
41
16
4
16
18
98
43
1510851878786
13
35
12
24
184
15
14
106
12
56
10
45
14
26
72
63
17
35
12
16
8
84
12
12
12
12
15
17
16
34
18
1
11
20
96
24
14
12
58
108
43
43
48
14
42
60
12
64
12
12
12
12
12
16
16
15
8
36
48
12
1
154
53
24
18
130
8
14
146
153
1510851882736
84
1
12
15
24
62
14
23
16
48
20
2
