TIME IN MS TO FINISH ONLY 1 SOLUTION. EACH CASE NEEDS AT LEAST 2 EXECUTIONS IF THERE IS NO ERROR
48
39
87
108
8
15
8
34
1
2
1
3
0
1
1
1
1
1
3
7
1
2
0
1
25
53
35
13
6
4
3
3
2
2
1
1
2
1
5
5
3
3
1
2
1
2
1
1
46
66
6
6
2
21
1
1
0
0
0
13
1
0
2
2
3
4
1
1
2
3
0
0
99
70
7
7
26
23
5
4
5
0
0
0
1
1
0
0
2
0
0
1
0
2
0
0
0
0
0
0
0
0
22
32
2
2
2
1
6
2
10
0
24
12
3
8
3
3
4
3
12
1
1
1
1
1
2
0
4
0
1
24
17
41
25
13
4
21
18
1
0
2
1
0
1
5
4
4
2
2
9
2
2
2
2
3
15
2
2
3
2
79
104
23
31
12
13
1
0
21
14
1
1
0
0
0
0
1
0
1
0
0
0
1
1
0
1
1
0
0
1
1
0
0
1
1
0
0
1
1
0
0
25
9
3
11
3
6
10
2
20
26
19
30
7
18
1
1
0
0
2
1
0
0
1
0
0
0
1
0
0
1
0
1
0
0
0
1
0
0
1
0
0
0
0
20
25
4
5
2
1
23
6
19
10
4
5
3
17
2
3
0
0
0
0
0
0
1
2
1
0
1
0
1
1
39
59
4
17
4
3
3
9
2
2
2
2
1
7
8
5
0
0
0
1
0
0
0
0
0
0
0
1
0
0
1
1
7
9
